-6.70
-4.50
-6.20
-12.50
0.00
0.00
-6.70
-18.60
-58.90
-2.90
0.00
0.00
0.00
-8.20
-4.80
-14.80
0.00
-15.70
-20.40
-4.00
-9.60
-19.40
-50.70
-7.50
-1.10
-1.80
-0.10
-5.20
-9.00
-1.10
0.00
-10.70
-17.90
0.00
-4.50
0.00
-4.80
-2.70
-67.80
-21.90
-20.90
-11.30
-39.40
0.00
-16.60
-60.50
-6.60
0.00
-2.30
0.00
0.00
-0.30
-1.70
0.00
-5.60
-50.60
-0.50
-9.90
-7.40
0.00
-8.60
-17.70
-17.30
-1.30
-6.20
-17.40
-3.60
-32.50
-6.70
-1.80
-8.10
-8.90
-1.10
-25.40
-3.67
-1.20
-4.50
0.00
-7.60
-3.40
-9.80
-10.60
-8.50
-15.70
0.00
-31.40
-31.00
-4.71
-2.20
0.00
-4.00
-4.70
-14.20
-0.40
-2.70
-0.40
0.00
-6.20
0.00
-2.90
-16.90
-3.10
-15.10
-12.60
-10.20
-7.00
-1.40
-160.60
-3.30
0.00
0.00
-6.20
0.00
-6.20
-13.50
-3.60
-3.60
-23.60
-11.80
-30.77
0.00
-7.30
-0.50
-0.50
-1.60
-3.80
-6.20
-7.40
-32.10
0.00
-3.40
-19.40
-7.90
-1.50
-15.12
-1.80
0.00
-5.70
-10.10
-43.90
0.00
0.00
-2.20
-12.20
-12.80
0.00
-5.40
-1.60
-3.00
-0.70
-0.60
-0.70
-17.20
-10.30
-6.60
-4.40
-7.90
-28.80
-5.30
-2.20
-6.70
0.00
-22.20
-12.20
0.00
-3.50
0.00
-4.60
-8.80
-2.80
-32.10
-7.50
-6.00
-23.70
-3.80
-0.30
-24.20
-12.90
-6.70
-5.50
-20.90
-0.30
-2.10
-3.30
-10.30
-1.80
-11.60
-8.30
-38.00
-7.30
-5.70
-22.50
-0.70
-4.10
-4.30
-13.40
-5.90
-5.70
-59.30
-0.10
-10.10
-36.80
-6.90
-0.50
-30.00
-19.00
-2.50
0.00
0.00
-9.90
-3.70
-4.10
-13.80
-10.80
0.00
0.00
0.00
-4.10
-17.00
-0.60
0.00
-4.90
0.00
0.00
0.00
-3.40
0.00
0.00
0.00
-14.50
-7.60
0.00
0.00
-4.30
-8.30
-3.00
-5.87
-3.30
-4.30
0.00
-3.10
-17.50
0.00
-0.90
0.00
-2.40
-1.70
-1.70
0.00
-5.00
-0.90
-0.80
-15.50
-6.40
-2.50
-0.80
0.00
-2.50
-4.90
-2.10
0.00
-1.80
-5.70
-1.30
0.00
-23.90
-82.40
-12.00
-4.30
0.00
-10.00
0.00
0.00
-3.00
-8.30
-0.30
0.00
-14.60
-3.60
-15.50
-3.50
-12.50
-7.10
-6.90
-0.40
-7.30
-32.50
-7.70
-6.60
-3.70
-44.90
-3.40
0.00
0.00
-3.50
0.00
-2.60
0.00
-7.10
-13.80
0.00
0.00
-4.00
-1.00
-17.00
-29.20
-5.80
-4.50
-3.10
-6.40
0.00
-38.40
-1.60
0.00
-7.20
-23.20
0.00
-19.40
-21.40
0.00
-3.30
0.00
-3.30
-66.10
-24.90
0.00
-38.30
0.00
-0.50
-9.10
-32.10
-9.20
-4.80
-3.10
-4.50
-23.30
-2.50
-1.10
-23.20
-22.70
-13.10
0.00
-2.80
-0.10
-4.40
-1.70
-3.20
0.00
-1.10
-2.30
-2.80
-3.60
-14.10
0.00
-1.90
-9.80
-34.20
-2.50
-4.40
-19.20
-2.90
-25.70
-36.80
-12.50
-9.40
-1.20
-8.90
-19.20
-3.50
-7.80
0.00
-3.40
-0.60
-12.00
-10.50
-6.10
0.00
-0.50
-1.00
0.00
0.00
-12.90
0.00
0.00
-15.00
-23.00
-21.40
-3.20
-2.40
-4.90
-35.40
-8.10
-9.40
-3.70
-2.00
-4.50
-11.20
0.00
-15.60
-2.30
-8.70
-4.70
-1.50
-23.00
-6.10
-18.70
-0.30
-2.00
-3.20
0.00
-0.10
-9.40
-5.70
-2.70
0.00
-44.00
-30.60
-4.60
-9.30
0.00
-13.40
-32.60
0.00
-0.90
-55.90
-3.20
-3.00
-7.90
-5.50
-6.50
-32.80
-5.80
-7.00
-24.00
-18.30
-58.10
-3.40
-2.30
0.00
-11.60
-6.30
-4.20
-10.10
0.00
-15.10
-13.00
-57.80
0.00
0.00
-18.30
-22.00
0.00
-0.30
-4.80
-6.50
0.00
-29.70
-10.40
-16.40
-7.20
-33.00
0.00
0.00
-30.80
-1.50
0.00
-4.60
-7.70
-5.60
-8.60
-7.10
-183.70
-9.40
-29.40
-0.40
-0.80
0.00
-17.60
-35.40
-18.10
-16.70
-14.00
0.00
-0.60
0.00
-45.00
-17.10
-0.90
-1.40
0.00
-14.50
-2.10
-9.60
-3.30
-0.40
-3.30
-1.50
-6.60
-20.60
-1.50
-21.10
-6.40
-25.30
-34.80
-27.00
-14.70
-3.80
-2.10
-16.20
-11.00
-14.50
-4.60
-34.50
-1.80
0.00
0.00
-73.90
-5.70
-1.90
0.00
0.00
-1.90
-1.00
-6.90
-44.70
-0.90
0.00
-1.00
-3.60
-1.60
0.00
-3.80
-0.50
0.00
-1.50
0.00
0.00
-34.20
-3.60
0.00
-8.10
-1.50
-7.70
0.00
-21.30
-17.90
0.00
-9.40
-3.20
0.00
-12.70
-0.60
-3.60
-24.00
-0.20
0.00
-2.60
-10.10
-13.40
-6.60
-0.50
-1.30
-59.90
0.00
-27.90
-0.20
0.00
0.00
-2.70
0.00
-38.70
-10.00
0.00
0.00
-2.70
-8.90
-3.20
-17.00
-40.90
-2.00
-12.50
0.00
-20.00
-7.60
-24.20
-17.70
-3.00
-22.00
-42.30
0.00
0.00
-12.80
-16.80
-33.10
-2.50
-6.20
-3.70
-6.70
-19.40
-7.40
-25.00
-1.20
-62.20
-2.60
0.00
-5.20
-30.00
0.00
-3.40
0.00
-0.10
-9.40
-2.00
0.00
0.00
-51.20
-30.00
-5.70
-2.50
-3.40
-3.50
-65.80
-3.30
-1.20
-7.90
-23.20
-16.90
-7.90
-59.50
-0.80
-8.90
-5.30
0.00
-14.00
-25.70
0.00
-5.60
-18.90
-5.60
0.00
-37.00
-9.90
0.00
-1.30
-11.70
0.00
-9.70
-4.00
-8.10
-2.40
-33.60
0.00
-22.80
-6.20
-15.50
-34.20
-0.90
-43.80
-38.30
0.00
-8.20
-4.50
-6.40
-21.00
-6.50
-26.70
0.00
-3.50
-4.70
-1.00
-12.30
0.00
-36.30
-38.90
-32.90
-2.30
-6.00
-23.40
-29.60
-6.00
-3.00
-17.70
0.00
0.00
-6.50
-5.10
-17.90
-21.30
-2.60
-7.60
-36.70
-50.60
-27.80
-6.80
-0.30
0.00
-24.40
-24.10
-4.00
-2.30
-3.40
-2.30
0.00
-1.90
-19.50
-12.30
-9.90
0.00
-8.20
-13.00
-26.60
0.00
-3.90
-4.90
0.00
-0.10
-5.00
-4.00
-6.50
-2.80
-22.70
-1.00
-2.60
-76.60
0.00
-64.10
-3.20
-3.30
-2.00
-3.90
-13.40
-2.70
-0.50
0.00
-10.80
0.00
-21.90
-0.40
-2.40
-25.90
-20.90
-3.40
-8.90
-1.10
-8.90
-26.30
-12.50
-10.30
-0.70
0.00
-33.30
-2.20
0.00
-30.20
-2.00
-42.80
0.00
-20.30
-9.90
0.00
-15.80
-2.30
-0.90
-1.90
-3.40
-17.80
-18.50
-15.20
-1.20
-1.60
0.00
-2.90
-6.60
-18.00
-4.00
0.00
-0.30
-3.70
-21.50
-0.20
0.00
0.00
-5.10
-7.00
-12.20
-9.40
-3.50
-7.60
-6.90
-1.40
-9.40
-8.60
-10.70
-8.80
-9.10
0.00
-0.60
-0.60
-12.30
-34.40
-0.60
-31.10
-3.70
-0.60
-3.40
-1.70
-27.90
-23.40
-12.60
-0.60
-8.30
-130.70
-43.80
-6.00
0.00
-12.90
-22.00
-8.00
-56.90
-38.30
0.00
-0.50
-10.90
-55.50
-15.80
-37.20
-23.80
0.00
-6.50
-32.40
-0.20
0.00
-89.80
-67.90
-7.00
-4.80
-10.70
-3.98
-5.50
-0.60
-5.90
-6.60
0.00
0.00
-17.80
0.00
-2.10
0.00
-11.90
-4.10
-3.10
-25.20
-24.30
-12.50
-3.80
0.00
-1.30
0.00
-4.70
0.00
-9.40
0.00
0.00
0.00
-4.50
-4.60
-23.50
-8.80
-1.00
-22.20
-3.50
-12.00
-15.10
-1.70
0.00
0.00
0.00
-5.30
-22.50
-24.97
0.00
0.00
-4.00
0.00
-0.70
-1.00
-3.40
-4.70
-1.40
-7.00
-10.50
-41.00
-9.70
-5.70
-1.50
-0.30
-4.70
-5.00
-2.30
-19.90
0.00
0.00
-5.00
-0.70
-0.20
0.00
-7.10
-20.47
-5.50
-3.10
-0.30
-13.50
-13.60
-60.20
0.00
-6.80
-2.00
-2.30
-3.20
0.00
-3.70
0.00
-4.00
-10.30
-6.10
-0.70
0.00
-24.70
0.00
-75.90
-97.00
0.00
-2.10
-0.40
-12.00
-11.00
-10.00
-18.00
-13.60
-8.00
-7.60
-46.90
-10.90
-5.50
-2.50
-83.20
-86.10
-4.10
-7.80
-34.50
-2.60
-61.40
-4.80
0.00
-6.60
-27.70
-2.30
-15.90
-27.60
-15.90
-9.00
-4.10
-13.70
0.00
-0.50
-4.80
0.00
-9.00
-3.20
-2.70
-15.20
0.00
-2.70
-4.00
-45.20
-5.90
-9.40
-2.80
-9.20
-19.60
-18.90
0.00
-31.20
-12.60
0.00
-1.30
0.00
0.00
-0.30
-130.20
-3.20
-20.60
-0.90
-9.50
-3.90
0.00
-9.50
-12.20
-2.50
-55.40
0.00
-2.60
-20.80
-22.60
0.00
-4.60
-9.90
0.00
-1.90
-3.70
-7.30
-10.90
-6.50
-29.40
0.00
-3.60
-29.50
-0.60
-7.60
-12.60
-5.10
-5.30
-24.80
-0.04
-25.90
-1.80
-1.80
-8.30
-4.40
-7.10
-8.70
-3.00
-3.70
-58.30
-8.10
-1.90
0.00
-6.60
-40.40
-10.00
-26.90
-9.80
-1.40
-6.30
-3.60
-3.90
-16.30
-4.20
-16.60
-2.40
0.00
-13.40
-4.80
-1.00
-58.20
-2.80
-87.60
-11.00
-4.30
-13.10
-1.20
-20.50
-17.50
-1.30
-16.70
-19.50
0.00
-2.80
-8.20
0.00
-12.80
-25.20
-5.90
0.00
-0.70
0.00
-1.50
0.00
-0.50
-1.70
-7.80
-14.37
-3.70
-30.60
-22.00
-7.60
-4.30
-0.70
-4.80
-46.60
-1.00
-8.30
-5.90
-0.20
-0.90
-2.70
-0.90
-9.90
0.00
-3.30
-5.50
-5.40
-9.00
-1.30
0.00
0.00
-0.10
0.00
-6.60
-2.90
0.00
-18.90
-2.60
-2.60
-0.90
-14.60
0.00
-8.20
-28.80
-6.80
-5.40
-0.50
-5.30
-1.70
-2.60
-67.20
-7.40
-14.10
-38.00
-5.70
0.00
-1.50
-29.60
-33.80
-3.70
-23.40
-3.30
0.00
-11.00
-4.30
-8.70
-11.80
0.00
-12.70
0.00
-1.40
0.00
-4.10
-15.60
0.00
-11.10
-3.60
0.00
-2.50
-3.70
-4.70
0.00
-6.50
-42.60
-4.20
-0.20
-1.40
-7.20
-40.90
0.00
0.00
-9.30
0.00
-21.00
-14.90
-8.50
-5.90
0.00
-7.80
-11.50
-19.00
-27.10
-1.50
-0.60
0.00
-2.00
-4.50
-40.00
-131.80
0.00
0.00
-0.20
-1.00
-45.70
-2.40
0.00
-1.00
0.00
-61.70
0.00
0.00
0.00
-19.80
0.00
-3.50
-17.60
-4.30
-1.60
0.00
0.00
-1.90
-14.10
-18.00
-20.90
-24.90
-62.00
-3.80
-4.00
-10.00
-12.30
-14.70
-6.90
-5.80
0.00
-1.30
-2.90
-13.80
-44.10
0.00
-1.40
-20.70
0.00
0.00
-8.00
0.00
-1.20
-3.10
-10.60
-9.50
-0.30
0.00
-1.50
0.00
-2.10
-1.90
-0.30
0.00
-21.20
-1.60
0.00
-0.10
-1.60
-1.10
-10.70
0.00
0.00
-7.80
-1.40
-12.50
0.00
0.00
0.00
-29.50
-3.20
0.00
0.00
-40.10
0.00
-33.90
0.00
-11.50
-14.50
-52.60
-8.90
-9.60
-10.90
-10.20
-21.90
-4.90
-7.40
0.00
0.00
-1.20
-35.20
0.00
-42.60
-10.20
-7.90
-3.80
0.00
-2.40
-16.00
-6.00
-181.20
0.00
-20.70
-26.50
-42.20
-26.30
-29.80
0.00
-7.20
0.00
-2.90
0.00
-9.70
-5.60
-3.10
-14.10
0.00
0.00
-42.80
-11.30
0.00
-6.10
-2.80
-17.60
-3.40
-3.00
-4.10
-1.57
-8.70
-4.50
-1.20
-2.60
-8.60
0.00
-23.60
-6.00
0.00
0.00
0.00
-47.10
-6.00
0.00
-26.70
0.00
-10.10
-56.50
0.00
0.00
-4.00
-42.20
-4.20
-15.80
-6.10
-64.10
-1.40
-6.40
-21.50
-11.90
-3.30
-6.20
-9.50
-0.90
-2.90
-7.20
-7.00
-7.60
-12.30
0.00
-27.00
-0.80
-16.60
-19.80
-18.00
-7.00
-0.70
0.00
0.00
-17.40
-9.30
-6.10
-22.30
-3.60
0.00
-1.40
-10.80
-18.60
-2.80
-3.70
-6.70
0.00
-0.90
-2.80
-2.60
-2.20
-5.90
-70.40
0.00
-8.00
-36.80
-2.30
0.00
0.00
0.00
-37.60
-3.60
-12.70
-1.70
-11.20
-6.50
-2.50
-34.00
-19.60
-6.70
-3.70
-6.30
-1.90
-27.10
-1.60
-5.40
0.00
-22.00
0.00
-9.60
-3.00
-5.30
0.00
-3.10
-5.00
0.00
-3.00
-11.90
0.00
0.00
0.00
0.00
0.00
0.00
-6.60
-3.30
-0.50
0.00
-6.70
-6.40
-8.80
-5.60
-5.20
-3.90
-26.20
-5.40
-6.90
0.00
0.00
0.00
-1.30
-11.60
0.00
0.00
0.00
-10.50
-16.60
0.00
-6.30
-1.60
-5.10
-7.44
-14.80
-22.80
-9.40
-0.10
-10.50
-19.10
-0.40
-1.30
-1.80
-1.20
-9.20
0.00
-2.10
-7.20
-1.10
-0.10
-20.60
-17.50
-40.40
-31.20
-15.50
-1.40
-33.00
0.00
0.00
-16.10
-1.10
0.00
-23.60
-13.30
-4.60
-1.30
-16.00
-7.50
0.00
-2.00
-0.70
-3.00
-32.30
0.00
-183.10
-3.70
-15.40
-2.40
-11.20
-3.70
-6.70
-19.80
-3.10
-5.20
0.00
-2.20
-7.30
-4.90
-10.10
-7.60
0.00
-21.90
-24.00
-11.60
-3.00
-3.30
0.00
-1.60
-1.30
0.00
-11.10
-23.80
-1.40
0.00
0.00
-2.50
0.00
0.00
-0.30
0.00
-3.00
-1.50
-10.80
0.00
-2.20
0.00
-6.60
-7.70
-1.50
0.00
-5.30
-1.90
-6.50
-19.60
0.00
-5.60
-1.60
-6.60
-10.50
-11.00
-6.00
0.00
-1.90
-3.30
0.00
-0.70
0.00
0.00
-8.10
-11.50
0.00
-1.50
-2.40
0.00
0.00
-4.50
-2.60
-2.50
-1.20
0.00
-6.20
-4.40
-6.60
-15.20
-25.00
-3.30
-31.00
0.00
0.00
-10.90
-12.30
-3.60
-6.20
-16.00
-10.30
-0.40
0.00
-0.80
-6.90
-2.60
0.00
-2.80
-3.90
-9.40
0.00
-4.20
-8.00
-8.00
-9.10
-2.80
-11.70
-1.60
-5.80
-12.40
-9.30
-2.00
-5.40
0.00
-7.70
0.00
-6.80
0.00
-21.80
-8.80
-11.10
-1.70
-1.40
0.00
-3.00
0.00
0.00
-3.70
-1.20
0.00
-21.50
-80.60
-38.00
-33.00
-15.35
0.00
-46.70
-3.80
-86.10
-2.60
0.00
-9.10
0.00
-6.60
0.00
0.00
-9.10
0.00
-18.20
0.00
-32.20
-1.10
-4.40
-3.50
-2.40
0.00
0.00
-32.60
0.00
-14.20
-7.00
-15.90
-2.70
0.00
0.00
-28.20
-14.80
-0.80
-9.60
-0.10
-13.90
-4.20
-25.30
-12.10
-24.00
-26.70
-18.20
-30.60
-34.70
-7.50
-1.10
0.00
-24.90
-103.10
-7.90
-12.50
-3.10
-12.90
-16.30
-1.10
-6.00
-11.90
-24.30
0.00
0.00
-19.70
-5.40
0.00
-42.40
-15.10
0.00
-3.90
0.00
-5.20
-7.60
-9.00
-3.50
0.00
-7.40
-33.90
-7.70
-8.90
-21.10
-88.80
-20.80
0.00
0.00
-11.10
-0.90
-42.80
-3.60
-10.20
0.00
-49.90
-15.50
-7.80
-7.30
-6.10
-9.20
-36.00
0.00
-1.80
0.00
-13.60
-10.40
0.00
-14.10
-68.50
0.00
-1.80
-5.10
-3.10
-11.70
0.00
0.00
-18.80
-14.00
0.00
-7.70
0.00
0.00
-9.60
-3.90
-1.60
-8.80
-8.70
0.00
0.00
-11.50
-6.60
-58.20
0.00
-10.50
-7.90
0.00
0.00
-10.50
-0.10
-29.70
-4.40
-8.00
0.00
-4.20
0.00
-0.50
-5.50
-2.80
-5.20
-22.20
-4.80
0.00
0.00
-24.80
-5.10
-3.20
-5.00
0.00
0.00
0.00
-1.90
0.00
-0.90
-2.20
0.00
-3.50
-35.70
-6.70
-39.10
-8.50
0.00
-23.20
-2.90
-25.50
-9.50
-4.30
-5.00
-35.10
-2.30
0.00
-30.80
-11.88
-8.20
-12.00
-8.70
0.00
-5.30
-9.70
-16.30
-97.90
-1.40
0.00
-15.60
-17.70
0.00
-50.40
0.00
-4.50
-14.30
-10.70
0.00
-2.50
-3.50
-13.60
0.00
-16.70
-25.80
-2.90
-12.10
-5.00
-21.10
-2.40
-6.70
-42.10
-8.20
-3.00
0.00
-17.60
-5.10
-30.20
-1.60
-36.80
-0.50
-4.90
-26.00
-8.30
-4.10
0.00
0.00
-2.10
0.00
-2.40
-1.80
0.00
-30.70
-5.30
0.00
-4.70
0.00
-0.90
0.00
0.00
-5.20
0.00
-13.60
-0.80
0.00
-1.30
-0.60
-11.90
-4.67
-115.00
-7.10
-3.10
-5.10
0.00
0.00
-24.50
-19.70
0.00
-3.70
-57.30
-12.80
0.00
-4.00
0.00
-26.10
-29.10
-2.60
-14.60
-29.30
-3.40
-6.00
-3.50
-21.90
0.00
0.00
0.00
-6.80
0.00
-2.70
-7.40
-264.90
-4.10
0.00
-3.00
0.00
0.00
0.00
-7.30
-8.40
-2.60
-3.40
-1.80
-6.50
-9.90
0.00
0.00
-7.20
-2.60
0.00
-7.20
-1.20
-2.90
-5.70
-5.90
0.00
-14.30
0.00
-13.57
0.00
-6.70
-26.30
-17.00
-4.80
-27.80
-8.70
-3.40
-0.80
-64.70
-3.10
-37.54
0.00
0.00
-12.50
-1.50
-1.40
-23.00
-2.00
-3.30
-20.50
-21.80
-12.00
-4.90
0.00
0.00
-7.70
-10.60
-3.20
-25.80
-4.20
-3.70
-36.20
-11.70
-3.70
0.00
-1.40
-6.80
-1.20
-59.60
-17.20
-4.20
0.00
-0.50
-9.50
-9.70
-2.70
-10.30
-0.30
-23.30
0.00
-61.90
-90.60
0.00
0.00
-2.50
-22.30
-0.70
0.00
-3.10
-1.40
-3.00
-8.90
-5.10
-0.80
0.00
-1.00
-5.10
-0.70
-24.70
-14.40
0.00
0.00
-42.20
-4.20
0.00
-6.40
-17.60
-3.80
-97.10
-18.00
-7.30
-0.40
0.00
-1.50
-2.20
-2.90
-52.50
0.00
-1.00
-3.40
-1.10
-4.70
0.00
0.00
0.00
-6.30
0.00
-31.00
-20.00
-8.40
-21.00
-6.60
-2.60
-6.60
-2.50
-1.70
-1.30
-2.00
-27.60
-19.70
-1.90
-6.10
0.00
-14.00
-2.20
0.00
0.00
-0.10
-21.40
-9.80
-9.10
-4.40
0.00
-13.20
0.00
-29.90
-2.30
-7.80
-0.20
-28.30
0.00
-2.70
-7.20
-18.50
-21.90
0.00
0.00
-7.30
0.00
0.00
0.00
-46.80
-5.90
-89.70
-15.90
-10.60
-9.70
-25.30
-7.70
-2.10
-4.80
-1.24
-13.40
0.00
0.00
-3.70
-3.70
-2.90
-3.30
-1.90
-3.80
-4.20
-11.40
-18.10
-4.90
-15.80
-16.60
0.00
-15.40
0.00
-16.40
0.00
0.00
0.00
-31.30
-4.90
-1.60
-2.70
-2.90
-0.50
-28.50
0.00
-13.00
-11.00
-2.10
-0.20
-1.00
-9.90
-14.00
-56.60
-4.30
-27.50
-25.10
-52.00
0.00
-9.80
0.00
-9.20
0.00
-14.10
-0.30
-1.80
0.00
-5.20
-3.30
-15.60
-12.00
-8.60
-89.10
-5.70
-11.30
-1.50
-1.40
-3.20
-3.70
-10.10
0.00
-0.70
0.00
0.00
-0.50
0.00
-0.80
-32.60
-3.10
0.00
-59.00
0.00
-6.60
0.00
-6.10
-7.50
0.00
-93.10
-24.30
-3.70
-14.20
-5.70
-0.30
-17.20
0.00
-56.50
-2.40
-6.70
0.00
-3.80
-66.00
-5.50
-3.80
-2.30
-21.60
-2.00
-8.30
0.00
-6.70
-26.90
0.00
-31.90
-2.20
-9.50
0.00
-10.60
-6.20
0.00
-2.00
-2.90
-19.80
-25.20
-22.00
0.00
-26.20
-6.20
-2.00
-9.40
0.00
-4.80
-25.10
0.00
-6.70
0.00
-5.20
-3.90
-4.20
-22.90
-11.00
0.00
-0.30
-5.00
-0.30
-4.70
0.00
-17.70
-0.20
-1.10
-3.00
-19.20
0.00
0.00
-9.90
-5.10
0.00
-7.90
-0.30
-3.20
0.00
0.00
-2.90
0.00
-3.10
-14.80
-6.40
-5.40
-16.30
-19.60
-32.40
-7.80
-0.90
0.00
0.00
0.00
-30.80
-23.40
-1.30
-12.50
-16.00
-3.60
0.00
-1.70
-3.10
0.00
-12.50
-1.10
-14.80
-0.10
-2.90
-2.50
0.00
-5.00
0.00
0.00
0.00
-1.60
-14.70
-15.70
-1.20
-10.20
-22.60
-2.10
-39.70
-22.30
-30.00
-12.60
-3.60
0.00
-0.20
-2.50
-5.30
-19.50
-25.90
-8.70
-13.30
0.00
-6.30
-5.20
-0.40
0.00
-7.30
0.00
-0.10
-9.20
-1.90
-29.70
-0.30
0.00
0.00
-21.60
-4.50
0.00
-47.20
-36.30
-7.90
-23.00
-25.20
-14.80
0.00
0.00
-6.20
-41.30
-2.00
-2.30
-9.80
-39.10
-6.40
-0.80
-30.80
-17.50
-3.80
-14.40
-8.70
0.00
-12.40
0.00
0.00
-47.50
0.00
-11.80
-4.50
0.00
0.00
0.00
-6.90
-17.60
-35.40
-13.60
-39.30
-1.50
-0.30
-53.80
-31.60
-3.90
0.00
-6.10
-12.50
-12.40
-16.50
-46.90
-8.10
-5.70
0.00
-15.70
-6.80
-4.50
-6.70
-9.10
-70.70
-16.20
-2.60
-24.80
-0.30
-35.50
-13.20
-37.40
-3.40
0.00
-1.40
0.00
-12.30
-21.60
-55.60
0.00
-20.40
-7.70
-28.30
-0.80
-2.20
-4.10
-18.10
-44.12
0.00
-0.80
-5.40
0.00
0.00
0.00
-4.50
-0.90
-12.10
0.00
0.00
-10.40
-32.80
-15.90
-7.10
0.00
-9.50
-15.40
-5.30
-3.80
-8.30
-4.80
-5.30
-26.30
0.00
-26.10
-3.60
-30.90
-22.00
-27.20
-25.60
-5.40
-26.30
-39.10
-4.00
-5.40
-9.40
-10.80
-0.90
-16.10
-29.30
-7.30
-4.00
0.00
0.00
-0.40
-2.40
-24.00
-60.40
-19.40
-22.50
-25.00
-2.30
0.00
-7.80
-1.80
-59.00
0.00
-7.10
-2.80
0.00
-45.70
-44.10
-17.70
0.00
-18.90
-28.90
0.00
-13.00
-7.50
-5.10
-1.30
-19.70
0.00
-13.00
-1.30
-2.30
-1.80
0.00
-5.00
-13.10
-1.10
-1.30
-0.30
-5.10
-28.50
-1.60
-17.10
-9.80
-1.90
0.00
-19.00
0.00
-8.50
-0.80
-1.30
-2.40
-2.90
-5.00
-9.80
-15.00
-8.50
-4.50
-3.70
0.00
0.00
0.00
0.00
0.00
-3.80
-0.40
-16.20
-2.80
-8.90
-62.10
-3.10
-16.00
-116.40
-6.40
0.00
-35.70
-14.20
-13.70
-2.50
-22.20
-8.50
-2.80
-2.30
-14.00
0.00
-1.30
-11.60
-7.50
0.00
0.00
-10.70
-1.30
-20.50
-37.90
-4.90
-20.70
0.00
-6.70
-18.80
0.00
-51.20
-7.90
0.00
-18.70
-10.10
-2.00
-36.75
-32.30
-1.20
-0.10
-28.70
-1.80
-0.30
0.00
-2.70
-3.50
-11.80
-4.90
-3.70
0.00
-4.70
-0.60
0.00
0.00
0.00
0.00
-3.60
-1.20
-4.40
0.00
0.00
-32.70
-15.10
-15.30
-10.10
-5.90
-5.00
-5.10
-12.40
-2.60
-4.20
-6.90
-11.10
-11.20
-3.00
-3.70
-1.10
-5.50
-0.70
-10.90
0.00
-4.20
-19.30
-7.90
-41.70
-9.10
-5.90
-1.20
-22.70
-1.10
-20.20
-5.30
-8.30
-2.70
-26.10
-14.80
-37.10
-2.90
-5.20
-16.40
-3.20
-26.70
0.00
-2.70
0.00
-1.80
-33.40
-0.10
-22.40
-3.30
-23.44
-20.10
-20.10
-0.10
-3.00
0.00
-6.10
-3.90
-24.30
-1.60
0.00
-6.80
-10.10
0.00
-2.70
-35.20
0.00
-1.90
-10.90
-0.40
-22.60
-16.50
-1.90
-5.50
-21.00
-17.10
0.00
-15.90
-32.75
0.00
-4.00
-6.20
-31.50
-2.70
0.00
-6.00
-5.70
-5.80
-1.00
-25.90
-10.10
-3.40
-5.00
-51.60
-9.30
-9.80
-4.00
-6.30
-3.50
-3.10
-14.90
-11.30
0.00
-23.30
-11.50
-1.70
-37.00
-6.90
-3.70
-2.30
-8.90
-11.30
-3.20
0.00
-13.60
-0.30
-13.30
-1.20
-3.30
0.00
-3.80
-12.50
-0.30
-9.90
-3.80
-11.30
0.00
-42.30
-25.70
-35.20
-5.90
0.00
-3.80
-5.20
-4.10
0.00
0.00
-11.70
0.00
-0.10
-9.00
-18.20
-43.50
-13.70
-15.50
-3.40
-14.50
-67.00
-0.20
-3.10
-12.90
-6.60
-9.10
-2.50
0.00
0.00
0.00
0.00
0.00
-25.30
-21.10
0.00
-21.80
-20.30
-16.40
-0.60
-6.90
-8.40
-6.50
-96.20
-3.50
-5.20
-6.40
-17.60
-4.60
-1.20
-10.60
-17.00
0.00
0.00
-1.80
-1.50
0.00
-0.10
-6.30
-0.70
0.00
-24.50
-21.60
0.00
0.00
0.00
-2.50
-9.40
-9.10
-5.20
-0.20
-12.80
-25.90
-1.30
-5.80
-2.10
-2.60
-3.30
-7.10
0.00
0.00
-7.80
-2.70
-6.90
0.00
-31.50
-24.80
-13.90
-0.80
-4.80
-4.60
-16.00
-19.50
-7.10
-18.80
-4.10
-40.30
-31.10
-9.20
0.00
-11.50
-11.60
-18.70
-17.70
-2.30
-0.40
0.00
-12.20
-9.80
0.00
-9.60
-39.00
-6.30
-5.10
0.00
-7.90
-5.40
-51.10
0.00
-4.80
-0.70
0.00
-3.10
-0.70
-8.30
0.00
0.00
-9.70
-1.20
-9.70
0.00
-0.80
0.00
-28.30
0.00
-37.50
-19.60
-8.20
0.00
0.00
-12.20
-0.20
-5.80
-79.10
-14.10
-11.60
-6.00
0.00
-26.90
-16.70
-19.40
-3.00
0.00
-0.90
-12.40
-8.80
0.00
-4.90
-1.20
-2.60
-7.50
0.00
-9.20
-4.50
-21.30
-28.80
-10.20
-5.10
-8.50
-3.60
-15.80
-2.40
-19.80
-2.00
-12.20
-8.40
-6.30
-0.30
-61.44
0.00
-0.10
0.00
-7.30
-6.00
-9.70
0.00
-13.00
-29.30
-39.20
-43.40
0.00
-5.30
-1.60
-46.30
-3.70
-23.80
0.00
0.00
-10.60
0.00
-3.10
-24.30
0.00
-1.10
-1.40
0.00
-1.00
-2.20
0.00
-12.30
-17.90
0.00
-43.90
-11.60
0.00
-0.20
0.00
-2.20
-7.40
-6.80
-0.20
-16.50
0.00
-1.50
-13.40
-6.40
-67.50
-11.90
-1.20
-5.20
-9.70
-22.20
0.00
0.00
0.00
-14.40
-1.20
-8.40
-19.90
-23.10
-45.40
-10.80
-1.50
-18.00
-11.60
-12.20
-13.30
-3.60
-16.20
-23.60
0.00
-2.80
-42.50
-2.90
-1.60
0.00
-4.60
-9.70
-7.50
-13.40
-4.40
-20.50
-6.70
-0.80
-18.80
-10.30
-39.90
-5.20
-1.30
0.00
-10.20
-7.70
0.00
0.00
-10.00
0.00
-11.90
-15.20
-6.90
-11.20
0.00
-19.00
-12.30
0.00
-43.50
-3.50
-11.90
0.00
0.00
-2.20
0.00
-3.40
0.00
-11.40
-9.40
-2.50
-1.10
-8.40
0.00
-0.80
0.00
-1.80
0.00
-3.10
-4.10
-9.70
0.00
-3.10
-8.80
0.00
-8.30
-2.60
-17.00
-7.10
-12.10
0.00
0.00
-1.70
-0.80
-7.80
-43.50
0.00
0.00
-5.10
-16.10
-5.90
-7.10
0.00
-3.90
-4.00
-0.60
-0.30
0.00
-13.20
-0.50
-2.80
-7.70
-18.30
0.00
-31.10
-3.40
0.00
-2.90
0.00
-5.80
-6.30
-14.40
-7.20
-3.60
-7.00
-35.90
-2.20
-1.30
-6.10
-3.10
-27.80
-3.00
-6.40
-6.60
-3.30
0.00
-3.40
-12.40
0.00
-36.30
-1.70
0.00
-1.10
-41.60
-0.70
0.00
-2.20
-8.10
0.00
-10.60
-5.70
-1.50
-1.10
0.00
-29.60
-15.00
-7.30
-0.30
-25.10
-6.60
-12.60
-7.97
0.00
0.00
-151.70
-7.20
-204.00
-66.00
-63.00
-7.60
-29.10
-32.70
-15.60
-18.10
-3.10
-39.10
-26.60
-2.00
-6.30
-8.00
0.00
-22.90
-1.00
-12.70
0.00
-23.70
0.00
0.00
-14.00
-110.20
0.00
-39.80
-0.20
0.00
-16.90
-17.50
-3.90
-33.10
-14.00
-0.60
-67.40
-56.20
-97.10
-88.70
-31.40
-5.80
-9.10
-32.20
-4.10
-59.20
-147.30
0.00
-14.70
-0.60
-0.90
-22.00
-29.00
-9.10
-12.30
-19.60
0.00
0.00
0.00
-13.10
-1.90
-7.14
0.00
-8.10
0.00
-166.80
-21.20
0.00
-7.50
-8.30
-2.60
0.00
-12.90
-7.20
-2.70
-1.40
-16.50
0.00
-8.00
-32.40
-89.80
-1.10
-6.90
-10.50
-64.80
-3.10
-7.00
-34.70
-103.10
-93.60
-5.00
-23.70
-24.30
-53.90
-11.00
-27.10
-31.20
0.00
-57.20
0.00
-2.60
-2.10
-5.60
-9.10
-20.90
-8.20
-26.00
-20.50
-21.30
-7.90
-60.20
0.00
-36.50
-121.20
-20.10
-4.20
-16.30
-8.00
-3.80
-49.70
-37.40
-104.30
-64.60
-5.30
-73.70
-21.60
-2.50
0.00
0.00
-5.70
-70.10
0.00
0.00
0.00
-32.60
-4.70
-57.40
-4.20
-35.60
-39.30
0.00
-25.90
-180.00
-42.40
0.00
-7.80
-171.40
-59.40
0.00
-2.70
-14.20
-44.70
-37.10
-73.10
-22.20
-10.50
-51.50
-40.30
-81.50
-6.40
-0.40
-7.20
0.00
-2.30
-68.50
-18.60
-48.50
-1.90
-27.30
-22.50
-29.50
0.00
-14.80
-62.90
-153.60
-1.50
-30.50
-13.00
-67.10
-37.40
-42.50
-53.80
-32.80
-3.30
-30.18
-28.00
0.00
-69.90
-13.40
-20.30
-19.50
-6.40
-2.30
-40.50
-30.00
-37.20
-14.30
-43.30
0.00
-30.90
-5.20
-42.90
-6.60
-64.90
-27.50
-13.50
-1.20
-23.90
-92.60
-8.20
-15.00
-2.10
-18.10
-8.70
-18.80
-13.70
-52.30
-25.00
-29.90
-49.10
-25.70
-129.10
-28.50
-26.50
-7.40
-21.10
-73.60
-1.20
-2.30
-33.80
-0.40
-18.00
-1.70
0.00
-89.70
-7.40
-0.30
0.00
-16.60
-32.80
-3.00
-136.10
-2.40
-5.30
-18.90
-3.90
-7.80
-15.40
-0.40
-27.40
-42.40
-13.20
-10.20
-9.90
0.00
-36.70
-16.20
-159.80
-2.00
-8.30
-5.40
-5.20
0.00
-15.00
-1.70
-95.90
-142.70
-18.10
-64.40
-15.30
-99.60
-1.10
-12.20
-113.30
-43.10
-156.90
-7.20
-49.30
0.00
-0.80
-24.50
-31.50
-106.80
-62.20
-66.40
-31.60
-14.20
-14.10
-77.10
-30.00
-22.90
-25.03
-5.10
-28.40
-15.20
-25.40
0.00
-47.20
-39.10
-1.80
-4.50
-11.20
0.00
-12.40
-5.10
-42.90
-0.50
-4.80
-5.80
-42.40
-18.20
-1.30
-2.10
-1.20
-15.30
-6.20
-22.60
-62.20
-11.70
-25.00
-15.30
-53.50
-45.20
-24.00
-6.90
-0.70
0.00
-0.30
