-17.80
-37.10
-6.70
-4.50
-6.20
0.00
-12.50
0.00
-5.70
-4.00
0.00
-6.70
-18.60
-58.90
-2.90
0.00
0.00
-0.70
-15.40
0.00
-8.20
-0.50
-4.80
-19.10
0.00
-15.70
-20.40
-4.00
-9.60
-19.40
-50.70
-7.50
-2.80
-1.10
-1.80
-0.10
-5.20
-9.00
0.00
-2.00
-1.10
0.00
-10.70
-17.90
-20.50
0.00
-4.50
-65.70
0.00
-6.00
0.00
-2.60
-2.70
-67.80
0.00
-21.90
-20.90
-11.30
-39.40
0.00
-16.60
-6.60
0.00
-2.30
0.00
-1.20
0.00
-0.90
0.00
-0.30
-1.70
0.00
0.00
-13.20
-53.80
-5.60
-4.00
-50.60
-0.50
-9.90
-7.40
0.00
0.00
0.00
-8.60
-17.70
-17.30
-1.30
-6.20
-7.20
-43.20
-17.40
-3.60
-32.50
-12.50
-6.70
-1.80
0.00
-8.10
-8.10
-8.90
-1.10
-25.40
-3.67
-1.20
-4.50
0.00
-7.60
-3.40
0.00
-3.00
-9.80
-10.60
-8.50
-15.70
0.00
-31.40
0.00
-31.00
-38.20
-4.71
-2.90
-2.20
0.00
-4.00
-8.40
-6.60
0.00
-4.70
-14.20
-0.40
-2.70
-0.40
0.00
-6.20
0.00
-22.60
0.00
0.00
0.00
-3.40
-2.90
-16.90
-1.00
-3.10
-2.50
-15.10
-12.60
-10.20
-7.00
-1.40
-160.60
-3.30
-19.80
0.00
0.00
-6.20
0.00
-6.20
-13.50
-3.60
-28.70
-9.20
-3.60
-6.50
0.00
-23.60
-11.80
-4.60
-30.77
0.00
0.00
-0.50
-7.30
-0.50
-0.50
-1.60
-3.80
-6.20
0.00
-7.40
-32.10
-3.40
-19.40
-7.90
-3.50
-1.50
-9.60
0.00
-15.12
-17.10
-1.80
0.00
-16.90
-38.30
-18.60
-5.70
-10.10
-43.90
0.00
0.00
-2.30
-2.20
-12.20
-4.50
-12.80
0.00
-5.40
-1.60
-3.00
-0.70
-26.00
0.00
-0.60
-0.70
-17.20
0.00
-4.20
-10.30
-6.60
-4.40
-7.90
-28.80
-5.30
-0.50
-3.90
-2.20
-6.70
0.00
-22.20
-12.20
-38.70
-6.10
0.00
-16.10
-5.60
-3.50
0.00
-4.60
-8.80
-11.70
-13.30
-2.80
-1.40
-32.10
-7.50
-12.10
-6.60
-6.00
-34.20
-22.90
-23.70
-3.80
-0.30
-24.20
-18.20
-12.90
-6.70
-5.50
-20.90
-0.30
-2.10
-3.30
-10.30
-1.80
-11.60
-8.30
-3.30
-38.00
-7.30
-20.20
-5.70
0.00
0.00
-22.50
-0.70
-5.00
-5.10
-73.80
-8.80
-4.10
-4.30
-13.40
-5.90
-5.30
-5.70
-59.30
-0.10
-10.10
-36.80
-6.90
-11.70
-0.50
-4.20
-27.10
-5.40
-30.00
-19.00
-2.50
0.00
0.00
0.00
-6.40
-9.90
-3.70
-11.20
-4.10
-13.80
-10.80
-18.50
-6.80
-18.50
0.00
0.00
-6.00
0.00
-4.10
-17.00
-0.60
0.00
-4.90
0.00
0.00
0.00
-3.40
0.00
-16.80
0.00
0.00
-0.80
-14.50
-7.60
0.00
0.00
0.00
-9.00
0.00
-4.30
-8.30
-3.00
-5.87
-3.30
-4.30
0.00
-3.10
-17.50
0.00
-0.60
-0.90
0.00
-2.40
-20.00
-97.90
-4.50
-1.70
-8.20
-23.90
-1.70
0.00
-5.00
-0.90
-0.80
0.00
-15.50
0.00
-6.40
-2.50
-0.80
-31.30
0.00
0.00
0.00
-2.50
0.00
-6.90
-4.90
-2.10
0.00
-1.80
-5.70
-1.30
0.00
0.00
-23.90
-82.40
-12.00
-4.30
0.00
-10.00
0.00
0.00
0.00
-3.00
-9.30
-1.50
-0.30
0.00
-14.60
-3.60
-30.40
-15.50
-3.50
-12.50
-4.30
-14.10
-44.00
0.00
0.00
-6.00
-6.90
-0.40
-7.30
-32.50
-7.70
-6.60
-3.70
0.00
-16.00
-44.90
-3.40
0.00
0.00
-2.80
-3.50
0.00
-2.60
0.00
0.00
-7.10
-13.80
0.00
0.00
-5.90
-4.00
-1.00
-17.00
-29.20
-5.80
-4.50
0.00
-0.70
-3.10
-6.40
-6.40
0.00
-38.40
-1.60
-52.10
0.00
-7.10
0.00
-6.20
-7.20
-5.10
0.00
-8.10
-23.20
0.00
-0.20
-1.80
0.00
-19.40
-21.40
-5.70
0.00
-3.30
0.00
-3.30
-66.10
-3.10
0.00
-24.90
0.00
-38.30
0.00
-0.50
0.00
-9.10
-3.00
-32.10
-58.30
-9.20
-4.80
-3.10
-4.50
-23.30
-1.80
-13.50
0.00
-2.50
-1.10
-8.10
-23.20
-22.70
-28.81
-2.00
-6.00
0.00
-13.10
-56.10
0.00
0.00
-2.80
-0.10
-4.40
-1.00
-14.80
-1.70
0.00
-3.20
0.00
-1.10
-2.30
-2.80
0.00
-44.70
-3.60
0.00
-14.10
0.00
0.00
-1.90
-9.80
-34.20
-1.40
-2.50
-4.40
-19.20
-2.90
0.00
-90.80
-0.60
-25.70
-81.10
-15.50
-36.80
-4.40
0.00
0.00
-27.30
-12.50
-7.10
-47.70
-9.40
-6.80
-1.20
-4.20
-8.90
-19.20
-3.50
-90.00
0.00
-7.80
0.00
-3.40
-0.40
-0.60
-12.00
-4.80
-10.50
-6.10
0.00
-0.50
-1.00
0.00
0.00
-12.90
0.00
0.00
-15.00
-23.00
0.00
-21.40
0.00
0.00
-3.20
-2.40
-4.90
-35.40
-8.10
0.00
-9.40
-21.90
-3.70
-7.40
-0.40
-2.00
-3.40
-22.30
-73.60
-4.50
-11.20
0.00
-0.20
-15.60
-28.80
-2.30
-8.70
-4.70
-1.50
-26.90
-23.00
-6.10
-18.70
-0.30
-2.00
-3.20
0.00
-0.10
-9.40
0.00
-5.70
-34.05
-2.70
0.00
-44.00
-30.60
-4.60
-9.30
0.00
-13.40
-32.60
0.00
0.00
-0.90
-55.90
-3.20
-3.00
-7.90
-5.50
-6.50
-32.80
-5.80
-7.00
-21.50
-24.00
-18.30
0.00
-58.10
-2.30
-3.40
-2.30
0.00
-11.60
-11.40
-6.30
-11.10
-4.20
-10.10
0.00
-0.30
-15.10
-13.00
-57.80
0.00
0.00
-4.80
-18.30
-22.00
0.00
-0.30
-4.80
-6.50
0.00
0.00
-29.70
-10.40
-16.40
-7.20
-33.00
0.00
0.00
-30.80
-1.50
-7.80
0.00
0.00
-4.90
-4.60
-4.90
-7.70
-10.50
0.00
-15.10
-6.60
-5.60
-5.60
-8.60
-7.40
-7.10
-183.70
-27.10
-9.40
-29.40
-6.50
-17.70
-0.40
-0.80
0.00
-17.00
-12.60
-5.90
-31.10
-17.60
-35.40
-19.40
-12.40
-18.10
-5.10
0.00
-16.70
-14.00
0.00
-148.60
-0.60
0.00
-45.90
-45.00
-17.10
-0.90
-1.40
-10.50
-0.90
0.00
-14.50
-2.10
-9.60
-27.50
-3.30
-8.10
-0.40
0.00
-3.40
-51.10
-3.30
-1.50
-1.00
-6.60
0.00
-20.60
-1.50
-21.10
-6.40
-25.30
-34.80
-27.00
-0.60
-14.70
-1.20
-3.80
-2.10
-16.20
-11.00
-5.00
-14.50
-4.60
-34.50
-1.80
0.00
0.00
-73.90
-53.80
-5.70
-1.90
0.00
0.00
-1.90
-1.00
-6.90
-44.70
-0.90
0.00
-1.00
-3.60
-1.60
0.00
-15.40
-3.80
-0.50
0.00
-1.50
0.00
0.00
-34.20
-0.70
-3.60
0.00
-8.10
-1.50
-7.70
0.00
-21.30
-17.90
0.00
-2.20
-33.80
-9.40
-3.20
0.00
-12.70
-0.60
-3.60
-24.00
0.00
-0.20
-9.10
0.00
-1.60
-2.60
-10.10
-13.40
-6.60
-0.50
-36.80
-1.30
-59.90
0.00
-24.90
-27.90
-0.20
-45.80
0.00
0.00
-2.70
0.00
-30.80
-8.20
-0.40
-38.70
-29.70
-10.00
-0.90
0.00
0.00
-18.00
-2.70
-8.90
0.00
0.00
-3.20
-17.00
-40.90
-2.00
-12.50
0.00
-7.80
-20.00
-7.60
-24.20
-17.70
-3.00
0.00
-22.00
-42.30
0.00
-4.70
0.00
-12.80
0.00
-16.80
-33.10
-2.50
-6.20
-6.70
-19.40
-7.40
-25.00
-1.20
-19.90
-62.20
-2.60
0.00
-37.40
-5.90
0.00
-5.20
-30.00
0.00
-3.40
-6.30
0.00
-0.10
-22.10
-18.30
-9.40
-2.00
0.00
0.00
-51.20
-30.00
-6.40
-5.70
-2.50
-3.40
-14.50
-0.20
-3.50
-65.80
0.00
-3.30
-10.70
-1.20
-7.90
0.00
0.00
-10.40
-23.20
-16.90
-37.20
-7.90
-2.70
-59.50
-14.90
-0.80
-8.90
-4.70
-5.30
0.00
-14.00
-25.70
0.00
-5.60
-18.90
-4.70
-5.60
0.00
0.00
-2.10
-37.00
-9.90
0.00
-1.30
-11.70
0.00
-9.70
-13.30
-7.20
-4.00
-1.50
-8.10
0.00
-26.10
-2.40
-33.60
0.00
-1.20
-22.80
-6.20
-15.50
-3.40
-34.20
-0.90
-43.80
0.00
-38.30
0.00
-8.20
-4.50
-6.40
-2.50
-21.00
-3.50
-6.50
-0.20
0.00
-26.70
0.00
0.00
-3.50
-4.70
-1.00
-12.30
0.00
-36.30
-55.70
-38.90
-18.60
-32.90
0.00
0.00
0.00
-2.30
-6.00
0.00
-23.40
-29.60
-5.90
-6.00
-18.10
-3.00
-15.40
-17.70
0.00
0.00
0.00
-6.50
-5.10
-17.90
-21.30
-3.60
0.00
-74.20
-2.60
-7.60
0.00
-36.70
0.00
-50.60
-27.80
-6.80
-0.30
-0.90
0.00
-24.40
-24.10
-9.60
-4.00
-2.30
-3.40
-2.30
0.00
0.00
-0.40
-1.90
-19.50
-12.30
-9.90
0.00
-9.20
-8.20
-13.00
-26.60
0.00
-3.90
-11.50
-4.90
0.00
-4.50
-0.10
-5.00
-4.00
-5.70
-1.40
-6.50
-4.00
-5.80
-9.00
-48.30
-20.10
-2.80
-19.50
-22.70
-1.00
-2.60
-76.60
0.00
-64.10
-3.20
-3.30
-2.00
-3.90
-13.40
-2.70
-0.50
-0.60
0.00
0.00
-10.80
0.00
-21.90
-0.40
-11.40
-2.40
-25.90
-20.90
-3.40
0.00
-8.90
-56.68
-1.10
-8.90
-8.70
-26.30
-12.50
0.00
-10.30
-23.70
-0.70
-13.00
0.00
-102.10
-16.80
0.00
-33.30
-2.20
0.00
-30.20
-2.00
0.00
-42.80
0.00
-20.30
-9.90
0.00
-15.80
-1.00
-2.30
-0.90
-1.90
-3.40
-17.80
-18.50
-15.20
-1.20
-1.60
0.00
-2.90
-6.60
-18.00
-26.40
-4.00
0.00
-0.30
-3.70
-2.40
0.00
-21.50
-0.20
0.00
0.00
-5.10
-5.80
-7.00
-0.10
-12.20
-9.40
-11.50
-3.50
-7.60
-6.90
-1.40
-9.40
-8.60
-10.70
-25.80
-8.80
-9.10
0.00
-0.60
-0.60
-12.30
-34.40
-0.60
-31.10
-3.70
-15.00
-62.00
-26.20
-0.60
-3.40
0.00
-1.70
-27.90
0.00
-0.90
-2.30
-2.00
-1.70
-23.40
-12.60
-0.60
-8.30
-4.60
-130.70
-43.80
-6.00
-8.20
0.00
-12.90
-22.00
-8.00
-56.90
-38.30
-67.20
0.00
-0.50
-30.80
-2.90
-10.90
-55.50
-54.70
-15.80
0.00
-37.20
-23.80
0.00
-16.00
-6.50
-32.40
-1.10
-97.00
-0.20
0.00
0.00
-89.80
-12.70
-67.90
-7.00
-4.00
-2.20
-4.80
-10.70
-3.80
-36.80
-3.98
-5.50
-0.60
-5.90
-0.30
-6.60
0.00
-12.60
0.00
0.00
-39.30
-17.80
0.00
-2.10
-1.80
0.00
-11.90
-4.10
-3.10
-25.20
-24.30
-6.10
-12.50
-3.80
0.00
-1.30
-18.60
-0.60
0.00
0.00
-9.50
0.00
-4.70
0.00
0.00
-9.40
0.00
-1.70
0.00
0.00
-19.60
-4.50
-4.60
-23.50
-33.90
-39.10
0.00
-2.97
-21.70
-8.80
-1.00
-22.20
0.00
-3.50
-107.80
-12.00
-15.10
-16.50
-1.70
0.00
0.00
0.00
-25.60
-5.30
-17.50
-22.50
-24.97
0.00
0.00
-4.00
0.00
-0.70
-1.00
-3.40
-37.60
-4.70
-1.40
-7.00
-10.50
-41.00
-9.70
-11.20
-12.90
-1.80
-20.40
-5.70
-9.60
-0.70
-1.50
-19.20
-0.30
0.00
-4.70
-5.00
-2.30
-78.30
-0.80
-19.90
0.00
0.00
0.00
-14.70
-5.00
-0.70
-0.20
0.00
0.00
0.00
-7.10
-20.47
-5.50
-3.10
-0.30
-13.50
-13.60
-60.20
0.00
-6.80
0.00
-2.00
0.00
-10.40
-2.30
-3.20
0.00
-3.70
-0.70
0.00
-5.60
-4.00
-10.30
-0.80
0.00
-30.10
-6.10
-0.70
0.00
0.00
-24.70
0.00
-75.90
0.00
-97.00
0.00
-2.10
-0.40
-12.00
-11.00
-10.00
-8.60
-18.00
-13.60
-8.00
-7.60
-46.90
-10.90
-5.50
-2.50
-83.20
-59.40
-86.10
-4.10
-7.50
-17.10
-7.80
-6.50
-34.50
-3.90
-10.14
-2.60
-61.40
-4.80
0.00
0.00
-6.60
-27.70
-2.30
-15.90
-27.60
-60.10
-15.90
-9.00
-0.40
-4.10
-8.50
-13.70
-10.70
0.00
-3.00
-0.50
0.00
-4.80
0.00
-9.00
-3.10
-2.70
-0.80
-2.10
-6.20
-9.40
-15.20
0.00
-13.00
-2.70
-4.00
-45.20
-5.90
-9.40
0.00
-13.90
-2.80
-9.20
-7.50
-19.60
-18.90
-8.00
-25.80
-1.50
0.00
-31.20
0.00
-12.60
0.00
-1.30
0.00
0.00
-1.80
-7.07
0.00
-0.30
-130.20
-3.20
-56.70
-1.20
-20.60
-0.90
-9.50
-3.90
-4.40
-0.40
-6.80
0.00
-9.50
-12.20
-9.80
-5.00
-0.90
-4.30
-2.50
0.00
0.00
-55.40
0.00
-2.60
-20.80
-22.60
0.00
-4.60
-54.90
-9.90
0.00
-1.90
-3.70
-2.80
-7.30
-10.90
-6.50
-29.40
0.00
-3.60
-2.40
-29.50
-0.60
-7.60
-12.60
-5.10
-5.30
0.00
-24.80
-20.80
-97.30
-1.50
-0.04
-25.90
-1.80
-1.80
-8.30
-4.40
-7.10
-8.70
-3.00
-3.70
-58.30
-8.10
-1.90
0.00
-6.50
-6.60
-44.60
-40.40
-10.00
-8.20
-26.90
-9.80
0.00
-1.40
0.00
-6.30
-3.60
-3.90
-16.30
-4.20
-16.60
-2.40
0.00
-11.30
-17.30
-12.10
-13.40
-4.80
-1.40
-1.00
-58.20
-0.30
-2.80
-23.70
-87.60
-11.00
0.00
-7.30
-4.30
-13.10
-29.70
-1.20
-6.00
0.00
-19.70
0.00
-20.50
-17.50
-1.30
-16.70
0.00
-8.20
-19.50
0.00
-2.80
-8.20
0.00
-12.80
-26.40
-25.20
-7.10
-3.60
-5.90
0.00
-0.70
0.00
-1.50
0.00
-0.50
-1.70
-7.80
-3.40
-14.37
-3.70
-30.60
-22.00
-7.60
-4.30
-2.00
-13.50
-0.70
-4.80
-46.60
-1.00
-8.30
-5.90
0.00
-0.20
-0.90
-2.70
-0.90
-9.90
0.00
-52.40
-3.50
-3.30
-5.50
-5.40
-7.00
0.00
-9.00
-19.70
-1.30
0.00
0.00
-11.00
0.00
-0.10
-23.90
-0.30
0.00
-2.80
-6.60
-37.80
-2.90
0.00
-18.90
-2.60
-4.10
-2.60
-88.20
-25.10
-0.90
-14.60
-9.70
-29.90
0.00
-8.20
-28.80
-6.80
-7.70
-5.40
-0.50
-5.30
-1.70
-2.60
-4.80
-67.20
-7.40
-14.10
-38.00
-5.70
-0.60
0.00
-1.50
-29.60
-33.80
-3.70
-15.70
-23.40
-3.30
0.00
-11.00
-4.30
-8.70
-2.10
-11.80
0.00
-12.70
0.00
-1.40
0.00
-4.10
-15.60
-56.80
0.00
-11.10
-3.60
0.00
-2.50
-3.70
-15.50
-4.70
0.00
0.00
-6.50
0.00
-2.00
-42.60
-4.20
-21.30
-0.20
-1.40
-7.20
-40.90
-5.80
0.00
0.00
-9.30
0.00
-3.30
-12.50
-21.00
-35.30
-110.50
-14.40
-14.90
-8.50
-5.90
0.00
-9.70
-27.40
-20.40
0.00
-7.80
-2.40
-11.50
-19.00
-27.10
-1.50
-0.60
0.00
-2.00
-4.50
-40.00
-131.80
0.00
0.00
-0.20
0.00
-10.20
-1.00
-45.70
-2.40
0.00
-1.00
0.00
-61.70
-8.10
-12.40
-21.10
0.00
0.00
-0.50
0.00
-19.80
0.00
0.00
0.00
0.00
-3.50
-17.60
-24.50
-4.30
-1.60
-2.70
-5.30
0.00
-8.90
-9.90
0.00
-1.90
-20.70
-14.10
-18.00
-27.40
-20.90
-24.90
0.00
-62.00
-3.80
-4.00
-10.00
-9.90
-2.60
0.00
-12.30
-14.70
-11.80
0.00
-6.90
-23.90
-5.80
-0.80
0.00
-1.30
-2.90
-13.80
-6.40
-44.10
0.00
-1.40
-20.70
-0.80
-9.10
0.00
0.00
-4.80
-8.00
0.00
-1.20
-21.70
-3.10
-10.80
-5.10
-26.20
-10.60
-9.50
-0.30
0.00
-1.50
0.00
-5.30
-2.10
-1.90
-0.30
0.00
-21.20
-1.60
0.00
-0.10
-1.60
0.00
-1.10
-10.70
0.00
0.00
-7.80
-1.40
-12.50
0.00
0.00
0.00
-5.40
-5.90
-29.50
-3.20
0.00
0.00
-40.10
0.00
-33.90
-1.20
0.00
-11.50
-14.50
-52.60
-8.50
-4.50
0.00
-8.90
-8.60
-9.60
-10.90
-10.20
-21.90
-4.90
-7.40
0.00
-8.30
0.00
-1.20
-35.20
0.00
0.00
-42.60
-10.20
-7.90
-3.80
0.00
-6.00
0.00
-2.40
-16.00
-6.00
-181.20
0.00
-20.70
-26.50
-42.20
-6.30
-0.90
0.00
-26.30
-29.80
0.00
-7.20
0.00
-2.90
0.00
-9.70
-3.50
-5.60
0.00
-3.10
-14.10
0.00
-7.20
0.00
-5.10
-42.80
-16.90
-11.30
0.00
-6.10
-2.80
-17.60
-3.40
-2.80
0.00
-3.00
-4.10
0.00
-1.57
0.00
-5.80
-8.70
-4.50
-1.20
-2.60
-8.60
0.00
0.00
-23.60
-6.00
0.00
0.00
0.00
0.00
-4.80
-53.10
-47.10
-6.00
0.00
-14.30
0.00
-20.00
-26.70
-24.70
0.00
-3.00
-10.10
-56.50
0.00
0.00
0.00
-10.30
-4.00
0.00
-42.20
-7.20
-4.20
-15.80
-6.10
-64.10
-1.40
-6.40
-21.50
-11.90
-3.30
-2.40
0.00
-6.20
-22.00
-1.30
-9.50
-0.90
-2.90
-112.70
-7.20
-7.00
-7.60
-12.30
0.00
-27.00
-0.80
0.00
-15.90
0.00
-2.50
-16.60
-15.50
-19.80
-8.60
-18.00
-7.00
-0.70
-11.70
-4.30
0.00
0.00
-1.60
-17.40
-9.30
-6.10
0.00
-22.30
-3.60
-11.10
-9.40
0.00
-1.40
0.00
0.00
-10.80
-18.60
0.00
0.00
0.00
-2.80
-8.50
-3.70
-6.70
0.00
-0.90
-2.80
-2.60
0.00
-2.20
-34.70
0.00
-1.70
-5.90
-70.40
0.00
-53.90
-8.00
-36.80
-2.30
0.00
0.00
0.00
0.00
-2.40
-37.60
-3.60
-12.70
-1.70
-11.20
-24.00
-0.90
-6.50
-2.50
-34.00
-19.60
-6.70
-3.70
0.00
-0.80
-1.90
-4.90
-27.10
0.00
-1.60
-5.40
0.00
0.00
-22.00
0.00
0.00
-5.70
-9.60
-3.00
-5.30
0.00
-3.10
-5.00
0.00
0.00
-3.00
-11.90
0.00
0.00
-12.10
0.00
0.00
0.00
0.00
0.00
0.00
-10.90
-6.60
-3.30
-2.00
-0.50
0.00
-4.30
-9.40
-2.60
-6.70
-5.30
-48.40
-6.40
-8.80
0.00
-5.60
-5.20
-3.90
-26.20
-5.40
-6.90
-10.70
0.00
0.00
0.00
0.00
0.00
-19.50
-1.30
-11.60
0.00
0.00
0.00
0.00
-10.50
-16.60
0.00
-6.30
-0.60
-1.60
-5.10
-7.44
-14.80
-22.80
-12.90
-9.40
-6.60
-8.50
-0.20
-0.10
-10.50
-19.10
-0.40
-1.30
-1.80
-1.20
-21.50
-9.20
0.00
0.00
-2.10
-10.20
-7.20
-1.10
-10.20
-0.10
0.00
0.00
-20.60
-8.40
-118.00
-17.50
-40.40
-31.20
-15.50
-1.40
-33.00
0.00
0.00
-16.10
-20.00
-1.10
0.00
-23.60
-13.30
-12.70
-1.30
0.00
0.00
-16.00
-7.50
0.00
-2.00
-0.70
-3.00
0.00
-32.30
0.00
-183.10
0.00
-3.70
-4.40
-15.40
-2.40
-36.50
-22.80
-11.20
-0.30
-3.70
-6.70
-19.80
-3.10
-5.20
0.00
-2.20
-7.30
-4.90
-10.10
-7.60
-3.20
-0.50
0.00
-3.30
-21.90
-8.60
-24.00
-11.60
-0.70
-3.00
-3.30
-7.30
0.00
0.00
-13.70
-1.60
-1.30
-1.50
0.00
-0.30
-11.10
-23.80
-56.40
-1.40
0.00
0.00
-2.50
0.00
0.00
-0.30
-27.90
0.00
-3.00
-1.50
-0.80
-10.80
0.00
-2.20
0.00
-6.60
-25.60
-1.70
-7.70
0.00
-1.50
0.00
-5.30
-20.60
-1.90
-6.50
-2.70
-19.60
0.00
-5.60
-1.60
-6.60
-11.00
-6.00
-29.80
0.00
0.00
-1.90
-3.30
0.00
-0.70
-25.40
0.00
-29.50
0.00
-1.60
-8.10
-11.50
0.00
-1.50
-2.40
0.00
-3.40
0.00
-4.50
-2.60
-2.50
-1.20
0.00
-6.20
-4.40
-6.60
0.00
-2.30
-15.20
-25.00
-3.30
0.00
0.00
0.00
-31.00
0.00
0.00
0.00
-10.90
-14.30
-12.30
-3.60
-6.20
-1.90
-16.00
-10.30
-8.70
-0.40
0.00
-0.80
-30.30
-6.90
-10.30
-2.60
0.00
0.00
-34.40
-2.80
-3.90
0.00
-9.40
0.00
-2.10
-4.20
0.00
0.00
-8.00
-8.00
-9.10
-5.10
-2.80
-1.20
-11.70
-1.60
-5.80
-12.40
0.00
0.00
-9.30
-2.00
0.00
-5.40
-19.90
-89.40
-62.40
0.00
-7.70
-5.10
0.00
-1.60
-6.80
0.00
-21.80
-8.80
-0.80
-11.50
-11.10
-0.90
-1.70
-1.40
-0.40
0.00
-24.20
0.00
-3.00
0.00
0.00
-3.70
-1.20
0.00
-1.50
-21.50
-80.60
-38.00
-33.00
-42.80
-15.35
0.00
0.00
-46.70
-3.80
-86.10
-2.60
0.00
-22.90
0.00
-6.60
-8.70
-39.50
-37.80
0.00
-1.90
-1.00
0.00
0.00
-9.10
-5.30
0.00
-50.40
-18.20
0.00
-32.20
-1.10
-4.40
-3.50
-2.40
0.00
0.00
-32.60
-26.40
0.00
-14.20
-7.00
-15.90
-3.10
-5.00
-2.70
-2.50
0.00
0.00
-28.20
-14.80
-20.80
-9.60
-0.10
-13.90
-4.20
-25.30
-12.10
-24.00
-26.70
-18.20
-30.40
-30.60
-7.30
-34.70
0.00
-7.50
-1.10
0.00
-0.40
0.00
-24.90
-0.80
-103.10
-7.90
-12.50
-3.10
-2.80
-12.90
-16.30
-1.10
-12.40
-6.00
-11.90
-24.30
-26.30
0.00
0.00
-19.70
-5.40
0.00
-42.40
-25.50
-15.10
-0.40
0.00
-3.90
0.00
-5.20
-7.60
-9.00
-3.50
-20.60
0.00
-7.40
-8.90
-33.90
-7.70
0.00
-8.90
-21.10
-88.80
-20.80
0.00
-2.40
0.00
-11.10
-0.90
-42.80
-25.50
-3.60
-10.20
-16.80
0.00
-49.90
-8.10
-15.50
-7.80
-7.30
-6.10
-9.20
-36.00
0.00
-1.80
0.00
-13.60
-3.00
-10.40
0.00
0.00
-14.10
-68.50
0.00
-19.30
-1.80
-5.10
-3.10
-11.70
-0.80
0.00
0.00
0.00
-18.80
-14.00
-10.40
0.00
-7.70
0.00
-20.90
-13.50
0.00
0.00
-9.60
-3.90
-5.70
-1.60
-8.80
-8.70
-15.10
0.00
0.00
-11.50
-6.60
-58.20
0.00
-10.50
-5.80
-7.90
0.00
0.00
0.00
-17.10
-16.60
-10.50
0.00
-0.10
-29.70
0.00
-30.10
0.00
-4.40
-11.30
-8.00
0.00
-4.20
0.00
-0.50
-5.50
-2.80
0.00
-6.90
-5.20
-22.20
-0.10
-14.40
-4.80
0.00
0.00
-24.80
-5.10
-3.20
-5.00
0.00
0.00
0.00
-1.90
0.00
-0.90
-2.20
-2.30
-1.50
0.00
-3.50
-35.70
-9.70
-6.70
-39.10
0.00
0.00
-8.50
0.00
-23.20
-4.00
-37.40
-22.60
-49.00
-16.80
-17.40
0.00
-2.90
-25.50
0.00
-9.50
-1.30
-4.30
-11.30
-13.80
-5.00
-35.10
-2.30
0.00
-30.80
-11.88
-8.20
-12.00
-8.70
0.00
0.00
-0.40
-5.30
-9.70
-16.30
-97.90
-1.40
0.00
-15.60
0.00
-42.00
-17.70
0.00
-50.40
-2.60
0.00
-4.50
-12.60
-14.30
-5.60
-10.70
0.00
-20.80
-2.50
-2.70
-3.50
-13.60
0.00
-16.70
-25.80
-2.90
-12.10
0.00
-5.00
-21.10
-2.40
-6.70
-42.10
-8.20
-3.00
0.00
-17.60
-5.10
-30.20
-1.60
-36.80
-0.70
-27.90
-0.50
-4.90
-26.00
-4.30
-8.30
-4.10
0.00
0.00
-87.60
-36.00
-4.20
0.00
-2.10
0.00
0.00
-2.40
-2.30
-1.80
0.00
-30.70
0.00
0.00
0.00
0.00
-5.30
0.00
-4.70
0.00
-15.20
-0.90
-1.20
-7.10
0.00
0.00
-15.50
-6.20
-5.20
0.00
-2.00
-13.60
-0.80
0.00
-1.30
-4.00
-0.60
-62.80
-11.90
-8.00
-7.40
-3.50
-4.67
-115.00
-7.10
-3.10
-5.10
0.00
0.00
-24.50
-4.10
-19.70
-56.30
0.00
-3.70
-36.00
-57.30
-12.80
0.00
-4.00
0.00
-26.10
-29.10
-5.60
-2.60
-1.70
-14.60
-29.30
-7.20
-3.40
-12.90
-6.00
-3.50
-21.90
-40.40
-0.60
0.00
0.00
0.00
-6.80
0.00
-23.70
-2.70
0.00
0.00
-4.10
-22.00
0.00
-3.00
-8.00
-155.70
0.00
0.00
0.00
0.00
-7.30
-2.90
-1.30
-8.40
-2.60
-3.40
0.00
-1.80
-33.80
-6.50
-9.90
0.00
0.00
-7.20
-2.60
-26.00
0.00
-7.20
-1.20
-20.20
-2.20
-2.90
-5.70
-5.90
0.00
-21.10
-14.30
0.00
-13.57
0.00
-6.70
-7.80
-26.30
-17.00
-4.80
0.00
0.00
-27.80
-8.70
-3.40
-0.80
-64.70
-31.80
-0.90
-3.10
-37.54
0.00
0.00
-12.50
-1.50
-1.40
-3.90
-23.00
-2.00
-14.60
-1.80
-3.30
-20.50
-18.40
-21.80
-28.80
-12.00
-3.20
-4.90
0.00
0.00
0.00
-7.40
-7.70
-20.50
-10.60
-3.20
-25.80
-18.30
-29.20
-4.20
-3.70
-36.20
-13.90
-4.80
0.00
-11.70
0.00
-3.70
0.00
-1.40
-12.10
-1.20
-59.60
-17.20
-1.80
-4.20
0.00
-3.20
-0.50
-9.50
-9.70
-7.10
-2.70
0.00
-10.30
-0.30
-18.40
-3.00
-23.30
0.00
-61.90
-90.60
0.00
0.00
-2.50
-55.70
0.00
-7.40
-22.30
-0.70
0.00
-29.70
-4.20
-3.10
-8.90
-4.10
-1.40
-3.00
-8.90
-5.10
-0.80
0.00
-135.20
-5.10
-0.70
-24.70
-14.40
0.00
0.00
-42.20
-4.20
0.00
-6.40
-17.60
-3.80
-18.00
-35.50
0.00
-7.30
-0.40
0.00
-1.50
-2.20
-2.90
-52.50
0.00
-40.10
0.00
-1.00
-3.40
-1.10
-3.80
-16.00
-4.70
0.00
-0.20
0.00
0.00
-14.60
-6.30
0.00
-31.00
-1.50
-20.00
-47.80
-8.40
-14.20
-21.00
-6.60
-2.60
-6.60
-2.50
-1.70
-1.30
-11.80
-2.00
-27.60
-19.70
-6.50
-9.40
-37.80
0.00
-1.90
-7.30
-2.90
-6.10
0.00
-14.00
-2.20
0.00
0.00
0.00
-0.10
-21.40
-9.80
-16.80
-9.10
-4.40
0.00
-13.20
0.00
-29.90
-2.30
-7.80
-0.20
-28.30
0.00
-2.70
-7.20
-18.50
-21.90
0.00
0.00
-4.40
0.00
0.00
0.00
0.00
-46.80
-5.90
-89.70
-4.20
-15.70
-21.50
-15.90
-0.40
-10.60
-9.70
-5.30
0.00
-25.30
-7.70
-2.10
-4.80
-1.24
0.00
-13.40
0.00
0.00
-3.70
-3.70
-2.90
-3.30
0.00
0.00
-61.30
-1.90
-2.70
-3.80
-7.60
-4.20
-11.40
-18.10
0.00
-4.90
-15.80
0.00
-16.60
-11.60
0.00
-6.90
-15.40
0.00
-16.40
0.00
0.00
0.00
-0.30
0.00
0.00
-3.40
0.00
-23.20
-31.30
-4.90
-1.60
-2.70
-2.90
-5.10
0.00
-28.50
0.00
-13.00
-1.10
-11.00
-2.10
-0.20
-1.00
-9.90
-14.00
-21.80
-56.60
-4.30
-35.30
0.00
-24.40
-27.50
-11.20
-25.10
-52.00
0.00
0.00
-9.80
-6.80
0.00
-9.20
0.00
-14.10
-8.10
-0.30
-27.30
0.00
-20.70
0.00
-5.20
-3.30
-15.60
-12.00
-8.60
-89.10
-5.70
-11.30
-1.50
-1.40
-3.20
-3.70
-3.10
-10.10
0.00
-0.70
-0.40
0.00
0.00
-0.50
0.00
0.00
-0.80
-32.60
-3.10
0.00
-59.00
0.00
-6.60
0.00
0.00
-6.10
-29.10
-7.50
0.00
-93.10
-13.90
-24.30
-6.50
-3.70
-14.20
-5.70
-38.50
-0.30
-17.20
0.00
-56.50
-67.60
-15.90
-2.40
-6.70
-22.30
0.00
-3.80
-5.30
-5.50
-3.80
-2.30
-1.90
-21.60
-4.40
-17.80
-2.00
-1.90
-8.90
-14.70
-8.30
0.00
-6.70
-15.80
-17.10
-6.00
-15.10
-26.90
-0.10
0.00
-31.90
-2.20
0.00
0.00
-23.80
-9.50
0.00
-4.80
-33.20
-10.60
-6.20
0.00
-1.70
-0.60
-2.00
-8.50
-2.90
-19.80
-25.20
-22.00
0.00
-9.20
-23.50
-28.70
-26.20
-1.00
-2.00
-4.20
-37.40
-14.30
-9.40
0.00
0.00
-1.00
0.00
-4.80
-25.10
0.00
-6.70
0.00
-5.20
-3.90
-4.20
-22.90
-11.00
-5.80
0.00
-0.30
-5.00
-12.40
-12.50
-0.30
0.00
-4.70
0.00
-17.70
-0.20
-1.10
-3.00
-19.20
0.00
0.00
-9.90
-4.80
-5.10
0.00
-7.90
-0.30
-3.20
-19.80
0.00
0.00
0.00
-11.60
-2.90
0.00
-3.10
-14.80
-6.40
-5.40
-16.30
-11.60
-19.60
-32.40
-7.80
-0.90
0.00
0.00
0.00
0.00
-3.10
-4.50
0.00
-30.80
-7.50
-23.40
-1.30
-7.50
-12.50
-16.00
-3.60
0.00
-14.30
-4.40
-1.70
-13.44
-3.10
0.00
-12.50
-1.10
-14.80
-0.10
-30.80
-2.90
-2.50
-5.00
0.00
0.00
-1.30
-1.90
-0.30
0.00
-1.60
-14.70
-15.70
-0.20
-1.20
-10.20
-22.60
-2.10
-6.70
-39.70
-22.30
-30.00
-12.60
-4.80
-3.60
0.00
-0.20
-2.50
-4.30
-5.30
-19.50
-25.90
-23.00
-8.70
-13.30
0.00
-6.30
-5.20
-0.40
-2.70
0.00
0.00
-7.30
0.00
-2.40
0.00
0.00
-0.10
-9.20
-1.90
-29.70
-0.30
0.00
0.00
0.00
-2.00
0.00
-21.60
-28.60
-35.80
-4.50
-47.20
-36.30
-23.00
-25.20
-14.80
0.00
-5.20
0.00
-41.30
-10.00
-2.00
-2.30
-9.80
-39.10
-4.60
-6.40
-5.90
-0.80
-30.80
0.00
-17.50
-3.80
-14.40
-8.70
0.00
-12.40
0.00
0.00
0.00
-11.80
-4.50
0.00
-1.90
0.00
-6.90
-17.60
-35.40
-13.60
-39.30
0.00
-3.70
-1.50
-0.30
-53.80
-8.20
-31.60
-3.90
0.00
-6.10
-12.50
-12.40
-16.50
-46.90
-2.50
-8.10
-5.70
0.00
-15.70
-6.80
-5.60
0.00
-4.50
-6.70
-9.10
-15.30
0.00
-70.70
-5.80
-16.20
-2.60
-33.50
-24.80
-0.30
-44.50
-35.50
-13.20
-37.40
-3.40
-3.30
0.00
0.00
-1.40
-33.20
0.00
-12.30
-21.60
-3.80
-55.60
0.00
-3.50
-20.40
-7.70
-8.50
0.00
-28.30
-0.80
-2.20
-4.10
-17.70
-18.10
-30.60
-44.12
0.00
-0.80
-5.40
0.00
0.00
-38.70
0.00
-24.40
-68.90
0.00
-4.50
-0.90
-12.10
0.00
0.00
-8.90
-10.40
-32.80
-4.00
-15.90
-7.10
0.00
-9.50
-15.40
0.00
-5.30
-3.80
-8.30
-6.30
-1.50
0.00
-4.80
0.00
-5.30
-26.30
0.00
-26.10
-4.50
-3.60
-30.90
-22.00
-0.80
-3.70
-56.40
-3.30
-17.90
-27.20
-25.60
-5.40
-26.30
-39.10
-4.00
0.00
-5.40
-10.80
-2.70
-0.90
-16.10
-29.30
-7.30
-4.00
0.00
0.00
-0.40
0.00
-24.00
0.00
-60.40
-19.40
-22.50
-25.00
-2.30
0.00
-7.80
-1.80
-59.00
0.00
0.00
-2.80
0.00
-45.70
-10.30
-2.00
-5.90
-44.10
-1.10
0.00
-17.70
0.00
-4.30
-18.90
-1.50
-6.50
-28.90
0.00
-13.00
-14.40
0.00
-7.50
0.00
-5.10
-1.30
-19.70
0.00
-19.90
-34.80
-3.10
-13.00
-1.30
-2.30
0.00
-1.80
0.00
-5.00
-13.10
-1.10
-9.80
-1.30
-0.30
-5.10
-28.50
-17.10
-9.80
-1.90
-39.50
0.00
-109.20
-19.00
-3.10
0.00
-8.50
0.00
-0.80
-1.30
-2.40
-2.90
-5.00
-1.90
-9.80
-15.00
-8.50
-4.50
-3.70
0.00
-3.80
0.00
0.00
0.00
0.00
-3.30
-3.80
-0.40
0.00
-16.20
-2.80
-8.90
-62.10
-3.10
-16.00
-116.40
-6.40
-2.40
0.00
-35.70
-3.50
-1.90
-10.40
-3.80
-3.80
-4.40
0.00
-14.20
-9.40
-1.70
-22.70
-13.70
-2.50
0.00
-52.20
-22.20
-8.50
-2.80
-2.30
-14.00
0.00
-1.30
-11.60
-7.50
0.00
0.00
-10.70
-1.30
-20.50
-37.90
-4.90
-20.70
0.00
-6.70
0.00
-21.90
-18.80
0.00
-51.20
-7.90
0.00
0.00
-18.70
0.00
-7.90
-20.90
-10.10
-6.30
0.00
-2.00
-2.90
-36.75
-41.20
-32.30
-1.20
-0.10
-28.70
-17.10
-1.80
-0.30
0.00
-2.70
-0.50
-3.50
-11.80
-4.90
-54.10
-3.70
-10.40
-30.50
-25.74
0.00
-4.70
-0.60
-2.60
-5.00
0.00
0.00
0.00
0.00
-3.60
-1.20
-4.40
0.00
0.00
-32.70
-15.10
-15.30
-10.10
-5.90
-5.00
-5.10
-12.40
-1.30
-2.60
-4.20
-6.90
-9.50
-11.10
-11.20
-3.00
-5.50
-0.70
-47.80
-10.90
0.00
-4.20
-19.30
-7.90
-3.40
-41.70
-9.10
-5.90
-1.20
-22.70
0.00
-1.10
-20.20
-13.90
-5.30
-8.30
-2.70
0.00
-26.10
-14.80
-21.50
-5.20
-37.10
-2.90
-5.20
-16.40
-3.20
-26.70
0.00
-2.70
-51.00
0.00
-1.80
-33.40
-0.10
-22.40
-3.30
-23.44
-83.70
-20.10
-20.10
-0.10
-3.00
-3.80
0.00
0.00
-10.10
-6.10
-3.90
-18.90
-1.30
-24.30
-1.60
0.00
-6.80
-10.10
0.00
-2.70
-35.20
0.00
-1.90
-10.90
-0.40
-56.80
-1.20
-22.60
-4.40
-16.50
-1.90
-5.50
-21.00
-4.30
-17.10
-2.60
0.00
-15.90
-32.75
0.00
-4.00
-6.20
-31.50
-2.70
0.00
-6.00
-9.50
-5.70
-5.80
-23.60
-1.00
-25.90
-10.10
-3.40
-29.80
-5.00
-51.60
-0.70
-9.30
-9.80
0.00
-9.00
-4.00
-6.30
-10.30
-3.50
-3.10
-37.50
-14.90
-11.30
0.00
0.00
-23.30
-11.50
0.00
-1.70
-37.00
-6.90
-3.70
-2.30
-1.80
-4.00
-8.90
-11.30
-3.20
0.00
-13.60
-0.30
-13.30
-8.20
-4.50
-1.20
0.00
-3.30
0.00
-3.80
-27.80
-12.50
-0.30
-9.90
-3.80
-11.30
0.00
-42.30
-37.90
-25.70
-10.70
-35.20
-5.90
0.00
-3.80
-5.20
-4.10
0.00
0.00
-11.70
0.00
-0.10
-9.00
-18.20
-3.40
-43.50
-13.70
-15.50
-3.40
-14.50
0.00
-67.00
-9.20
-0.20
-3.10
-12.90
-3.90
-6.60
-9.10
-2.50
0.00
0.00
0.00
0.00
0.00
0.00
0.00
-25.30
-21.10
0.00
-21.80
-20.30
-16.40
-8.20
-0.60
-6.90
-8.40
0.00
-6.50
-96.20
0.00
-3.50
-5.20
-6.40
-17.60
-4.60
-1.20
-10.60
-17.00
0.00
0.00
-13.40
-2.60
0.00
0.00
-1.80
-1.50
-9.80
0.00
-0.10
-6.30
-0.70
0.00
-24.50
-21.60
0.00
0.00
0.00
-2.50
-9.40
-9.10
-5.20
-0.20
-98.60
-12.80
-25.90
-9.90
-1.30
-14.40
-5.80
-2.10
-2.60
-16.70
0.00
-3.30
-4.40
-7.10
0.00
0.00
0.00
0.00
0.00
-7.80
-2.70
-0.20
-0.50
-2.30
-6.90
-2.10
0.00
-31.50
-2.00
-22.00
-24.80
-13.90
-0.80
-4.80
0.00
-4.60
-16.00
-19.50
-7.10
-18.80
-4.10
-40.30
0.00
-31.10
-9.20
-22.10
0.00
-20.20
-11.50
-7.50
-7.50
-11.60
-25.00
-18.70
-17.70
-2.30
-3.10
-0.40
0.00
-12.20
-9.80
0.00
-9.60
-9.70
-39.00
-6.30
-5.10
0.00
-7.90
-5.40
-51.10
-10.60
0.00
-4.80
-0.70
0.00
-9.70
0.00
-3.10
0.00
-0.70
0.00
0.00
-8.30
-9.50
-19.10
0.00
0.00
0.00
-9.70
-1.20
-9.70
0.00
-0.80
0.00
-59.70
-13.50
-28.30
0.00
-37.50
-19.60
-8.20
0.00
0.00
-9.80
-12.20
-3.40
-0.20
-5.80
-79.10
-0.90
-14.10
-2.20
-11.60
-6.00
0.00
-26.90
-12.90
-9.10
-0.60
-16.70
-19.40
-3.00
0.00
-32.50
-5.00
-0.90
-7.80
-12.40
-1.10
-8.80
-4.90
0.00
-4.90
-1.20
-2.60
-7.50
0.00
-9.20
-4.50
-21.30
-28.80
-10.20
0.00
0.00
0.00
-5.10
-8.50
-3.60
-15.80
-8.10
-14.10
-2.40
-19.80
-2.00
-12.20
-8.40
-6.30
-0.30
-61.44
0.00
-0.20
-34.20
-0.10
0.00
0.00
-6.00
-19.30
0.00
-9.70
-20.00
0.00
-2.90
-13.00
-15.90
-29.30
-39.20
-43.40
0.00
-5.30
-15.70
-21.10
-22.10
0.00
-1.60
-46.30
-0.50
-36.40
-23.80
0.00
0.00
-10.60
0.00
-3.10
-24.30
0.00
-6.90
-1.10
-1.40
0.00
-1.00
-2.20
0.00
-12.30
-17.90
0.00
-43.90
-11.60
0.00
0.00
0.00
-2.60
-0.20
0.00
-2.20
-7.40
-6.80
-0.20
0.00
-16.50
0.00
-1.50
-13.40
-6.40
0.00
-67.50
-14.50
-11.90
-1.20
-4.30
-6.90
-3.80
-5.20
-0.80
0.00
-0.30
-9.70
-1.20
-22.20
0.00
0.00
-2.90
-31.30
0.00
-1.20
-13.80
0.00
0.00
-14.40
0.00
-1.20
-8.40
-19.90
-23.10
-45.40
-0.10
-10.80
-6.10
-1.50
-18.00
-11.60
-12.20
-16.20
-23.60
-5.00
0.00
-2.80
-10.20
-42.50
-2.10
-2.90
-1.60
0.00
-4.60
-9.70
-7.50
-13.40
-4.40
-20.50
-6.70
-1.60
-0.80
-18.80
-5.00
-10.30
0.00
-39.90
-5.20
0.00
-10.20
-7.70
0.00
0.00
-10.40
-6.70
-10.00
0.00
-11.90
-15.20
-6.90
-11.20
-9.40
-28.20
-8.30
0.00
0.00
-19.00
-12.30
0.00
-43.50
-13.30
-3.50
-11.90
0.00
0.00
-6.70
-2.20
0.00
0.00
-3.40
0.00
-11.40
-9.40
-2.50
-1.10
-8.40
-2.90
-5.00
0.00
-0.80
0.00
-1.80
-6.60
0.00
-3.10
-4.10
-9.70
0.00
-1.40
-3.10
-8.80
0.00
0.00
-8.30
-2.60
-17.00
-7.10
0.00
-12.10
0.00
0.00
-8.50
-1.70
-0.80
-0.70
-43.50
0.00
0.00
0.00
0.00
-5.10
-6.40
-16.10
-5.90
-7.10
-16.60
0.00
-3.90
-4.00
-0.60
-5.00
-13.20
0.00
-58.40
-0.30
0.00
-47.20
-1.90
-13.20
-14.60
-9.50
-0.50
-2.80
0.00
-7.70
-18.30
0.00
-31.10
-3.40
0.00
-2.90
0.00
-5.80
-8.70
-6.30
-14.40
-29.90
-7.20
-1.10
-3.60
-42.80
-13.10
-7.00
-35.90
-23.00
-2.20
-1.30
-6.10
-3.10
-27.80
-6.40
-6.60
-3.30
0.00
0.00
-3.40
-12.40
0.00
-36.30
-1.70
0.00
-1.10
-41.60
-0.80
-0.70
0.00
-2.20
-8.10
0.00
-10.60
-101.30
-5.70
-1.50
-20.90
-1.10
-77.20
0.00
-29.60
-15.00
-7.30
-0.30
-25.10
-6.60
-119.60
-138.10
-12.60
0.00
-7.97
0.00
-2.10
-22.80
0.00
-6.70
0.00
-0.30
-151.70
-7.20
-204.00
-66.00
-18.50
-26.20
-139.00
-48.50
-18.70
-32.90
-23.80
-63.00
-7.60
-29.10
-32.70
-55.30
-15.60
-18.10
-3.10
-39.10
-26.60
-8.20
-2.00
-98.60
-6.30
-16.10
-0.60
-16.60
-77.80
-8.00
-162.60
0.00
-90.27
-4.70
-71.50
0.00
-134.40
-58.50
-1.00
-43.00
-21.91
-116.20
-134.70
-12.70
-142.20
-7.50
0.00
-8.90
-50.30
-23.70
-21.60
-19.30
-1.60
-60.80
0.00
0.00
-14.00
-145.80
-78.30
-5.40
-22.60
-16.10
-110.20
-170.30
-15.30
0.00
-9.40
-15.50
-6.20
-12.10
-39.80
-0.20
-112.70
-14.30
0.00
-16.90
-17.50
-3.90
-33.10
-7.30
-14.00
0.00
-0.60
-67.40
-56.20
-97.10
-123.20
-31.40
-88.70
-22.20
-31.40
-6.70
-5.80
-46.50
-54.20
-9.10
-123.00
-24.50
-17.40
-70.00
-37.90
-32.20
-3.50
-4.10
-59.20
-147.30
0.00
-14.70
-34.50
-0.60
-75.80
-19.40
-96.90
-0.90
-186.30
-28.70
-5.30
-22.00
-29.00
-12.90
-96.30
-84.00
-9.10
-12.30
-2.20
-158.80
-19.60
0.00
0.00
0.00
-6.00
-13.10
-38.40
-23.90
-1.90
-8.60
-7.14
0.00
-79.60
-8.10
-73.80
-163.30
0.00
-103.90
-166.80
-21.20
-6.20
-67.20
-47.30
0.00
-7.50
-8.30
-2.60
-1.00
0.00
-14.20
-12.90
-35.00
-7.20
-2.70
-1.40
-16.50
0.00
-2.70
-8.00
-120.00
-7.40
-32.40
-89.80
-1.10
-117.20
-6.90
-22.30
-99.72
-90.30
-10.00
-18.50
-30.60
-10.50
-166.20
-9.80
-104.20
-0.10
-8.00
-64.80
-30.50
-3.10
-7.00
-202.30
-63.60
0.00
-34.70
-9.00
-103.10
-93.60
-94.60
-52.50
-5.00
-18.60
-21.80
-23.70
-24.30
-26.70
-53.90
0.00
-11.00
-7.90
-27.10
-31.20
0.00
-54.60
-57.20
0.00
-6.50
-186.50
-26.40
-42.10
-4.50
-38.10
-2.60
-4.80
-2.10
-5.60
-35.60
-9.10
-20.90
-8.20
-106.70
-65.00
-127.00
-26.00
-12.70
-8.00
-20.50
-30.80
-21.30
-197.60
-7.90
-60.20
-14.10
0.00
-77.70
-87.50
-3.60
-102.90
-25.30
-36.50
-74.80
-3.90
-8.20
-76.00
-2.20
-13.70
-121.20
-20.10
-48.00
-64.50
0.00
-20.70
-75.00
-4.20
-1.10
-97.70
-20.60
-16.30
-52.30
-8.00
-3.80
-49.70
-0.90
-44.20
-22.60
-42.20
-37.40
-104.30
-17.80
-10.80
-5.90
-80.68
-103.20
-17.60
-64.60
-52.50
-5.30
-54.00
-47.80
-96.00
-136.45
-55.80
-73.70
-21.00
-21.60
-2.50
-64.50
0.00
0.00
-92.70
-15.51
-5.50
-71.20
-5.70
-70.10
-12.80
0.00
-43.10
0.00
-50.20
-4.50
-5.80
0.00
-67.20
-5.90
-34.90
0.00
-32.60
-3.60
-4.70
-57.40
-31.70
-4.20
-35.60
-40.60
0.00
-2.80
-39.30
-50.40
-11.80
0.00
-25.90
-180.00
-114.00
-16.50
-42.40
0.00
0.00
-7.80
-7.30
-171.40
-26.60
-31.90
-5.90
-175.30
-54.40
-3.90
-16.40
-16.20
-11.50
-59.40
0.00
-2.70
-14.20
-44.70
-43.60
-90.80
-2.10
-2.60
-56.10
-59.00
0.00
-37.10
-6.00
-100.10
-32.70
-79.00
-73.10
-22.20
-10.50
-45.70
-51.50
-40.30
0.00
-81.50
-2.40
-26.90
-94.50
-6.40
-0.40
-162.00
-4.70
-12.50
-7.20
-61.10
0.00
-10.50
-20.50
-2.30
-12.90
-45.50
-68.50
-18.60
0.00
-138.20
-127.30
-180.60
-48.50
-1.90
-27.30
-11.00
-22.50
-29.50
-35.10
-106.30
0.00
-17.80
-14.80
-41.60
-62.90
-161.20
-68.60
-147.20
-0.60
-153.60
-1.50
-30.50
-13.00
-34.30
-198.50
-67.10
-24.80
-37.40
-152.50
0.00
-42.50
-121.50
-41.70
-53.80
-174.80
-6.60
-15.20
-41.30
-32.80
-128.00
-3.30
-2.60
0.00
-30.18
-26.40
-28.00
-99.60
-2.60
0.00
-11.30
-90.00
-17.10
-8.90
-61.10
-69.90
-23.10
-13.40
-20.30
-19.50
-43.50
-23.70
0.00
-33.10
-5.28
-230.00
-55.40
-24.50
-6.40
-2.30
-92.80
-103.80
-26.60
-65.60
-108.30
-40.50
-8.10
-1.90
-30.00
-11.90
-60.00
-182.00
-37.20
-6.80
-32.30
-14.30
-43.30
0.00
0.00
-175.00
-3.80
-3.30
-30.90
-45.60
-5.20
-45.60
-1.20
-121.30
-92.00
-84.10
-42.90
-7.20
0.00
-118.00
-8.10
-6.60
-185.90
-63.70
-105.57
-115.60
-64.90
-33.30
-33.00
-20.20
0.00
-100.00
-27.50
-7.30
-134.40
-92.60
-52.90
-20.90
-146.70
-1.20
-4.00
-23.90
-36.00
-50.70
-56.20
-92.60
-8.20
-36.90
-98.90
-15.00
-11.20
-42.90
-2.10
-18.10
-8.70
-18.80
-18.80
-21.70
-13.70
-52.30
-14.30
-95.90
-25.00
0.00
-50.80
-170.00
-29.90
-49.10
-146.60
-25.70
-129.10
-9.20
-28.50
-24.20
-26.50
-2.40
-111.20
-7.40
-0.80
-73.60
-1.20
-138.10
-38.40
-57.70
-29.80
-2.30
-45.20
-34.90
-68.00
0.00
-62.00
-33.80
-0.40
-18.00
0.00
-1.70
0.00
-89.40
-24.30
-89.70
-7.40
-0.30
-153.70
-76.10
0.00
-16.60
-59.60
-32.80
-3.00
-136.10
-5.80
-2.40
-5.40
-5.30
-18.90
-43.20
-3.90
-51.90
-7.80
-15.40
-0.40
-124.40
-115.50
-27.40
-54.20
-13.00
-42.40
-169.90
-13.20
-9.60
-1.60
-44.30
-10.20
-9.90
-14.40
0.00
-36.70
-61.00
-24.50
-16.20
-159.80
-29.10
-67.00
-44.40
-2.00
-159.70
-73.30
-8.30
-6.20
-5.40
-44.10
-82.40
-10.10
-40.20
-117.10
-24.50
-36.10
-118.90
-39.40
0.00
-5.20
-109.10
-81.80
0.00
-15.00
-11.90
-126.60
-1.70
-196.60
-24.00
-23.60
-49.90
-95.90
-9.40
-18.30
-142.70
-60.40
-103.40
-18.10
-64.40
-15.30
-123.30
-99.60
-1.10
-12.20
-113.30
-43.10
-0.90
-23.80
-2.90
-156.90
-138.00
-7.20
-49.30
-128.90
0.00
-33.60
-0.80
-24.50
-31.50
-17.40
-11.90
-189.30
-106.80
-67.50
-23.70
-28.10
-62.20
-66.40
-75.80
-1.30
-175.37
-31.60
-37.00
-14.20
-99.80
-14.10
-77.10
-132.60
-36.10
-7.90
-30.00
-22.90
-67.20
-25.03
-5.10
-44.00
-28.40
-15.20
-25.40
-39.00
-152.30
-86.10
-125.20
0.00
0.00
-8.90
-78.10
-47.20
-23.80
-39.10
-126.20
-1.80
-4.50
-142.10
-0.60
-8.00
0.00
-11.20
0.00
-7.60
-12.40
-5.10
-14.40
-42.90
-148.40
-0.50
-40.50
-90.10
-4.80
-5.80
-81.00
-51.80
-42.40
0.00
-54.50
-18.20
0.00
-118.40
-1.30
-22.70
0.00
-2.10
-31.90
-66.00
-31.60
-2.60
-30.70
-15.30
-182.70
-6.20
-33.80
-32.50
-6.80
-22.60
-62.20
-11.70
-138.70
-25.00
-15.30
-53.50
-45.20
-98.80
-25.60
-4.00
-24.00
-68.70
-6.90
-22.60
-0.70
0.00
-80.20
-73.40
-0.30
